perm*prev_factor

Level 0:	
1 * [0, 1], 
 
Level 1:	
1 * [0, 0, 2], 
1 * [0, 1, 1], 
 
Level 2:	
1 * [0, 0, 0, 3], 
4 * [0, 0, 1, 2], -> 2*1 + 2*1
1 * [0, 1, 1, 1], 
 
Level 3:	
1 * [0, 0, 0, 0, 4], 
7 * [0, 0, 0, 1, 3], -> 1*4 + 3*1
4 * [0, 0, 0, 2, 2], -> 1*4
11 * [0, 0, 1, 1, 2], -> 2*4 + 3*1
1 * [0, 1, 1, 1, 1], 
 
Level 4:	
1 * [0, 0, 0, 0, 0, 5], 
11 * [0, 0, 0, 0, 1, 4], -> 4*1 + 1*7
15 * [0, 0, 0, 0, 2, 3], -> 1*7 + 2*4
32 * [0, 0, 0, 1, 1, 3], -> 1*11 + 3*7
34 * [0, 0, 0, 1, 2, 2], -> 2*11 + 3*4
26 * [0, 0, 1, 1, 1, 2], -> 2*11 + 4*1
1 * [0, 1, 1, 1, 1, 1], 
 
Level 5:	
1 * [0, 0, 0, 0, 0, 0, 6], 
16 * [0, 0, 0, 0, 0, 1, 5], -> 5*1 + 1*11
26 * [0, 0, 0, 0, 0, 2, 4], -> 1*11 + 1*15
15 * [0, 0, 0, 0, 0, 3, 3], -> 1*15
76 * [0, 0, 0, 0, 1, 1, 4], -> 4*11 + 1*32
192 * [0, 0, 0, 0, 1, 2, 3], -> 4*15 + 2*32 + 2*34
34 * [0, 0, 0, 0, 2, 2, 2], -> 1*34
122 * [0, 0, 0, 1, 1, 1, 3], -> 3*32 + 1*26
180 * [0, 0, 0, 1, 1, 2, 2], -> 3*34 + 3*26
57 * [0, 0, 1, 1, 1, 1, 2], ->  2*26 + 5*1
1 * [0, 1, 1, 1, 1, 1, 1], 
 
Level 6:	
1 * [0, 0, 0, 0, 0, 0, 0, 7], 
22 * [0, 0, 0, 0, 0, 0, 1, 6], -> 6*1 + 1*16
42 * [0, 0, 0, 0, 0, 0, 2, 5], -> 1*16 + 1*26
56 * [0, 0, 0, 0, 0, 0, 3, 4], -> 1*26 + 2*15
156 * [0, 0, 0, 0, 0, 1, 1, 5], -> 5*16 + 1*76
474 * [0, 0, 0, 0, 0, 1, 2, 4], -> 5*26 + 2*76 + 1*192
267 * [0, 0, 0, 0, 0, 1, 3, 3], -> 5*15 + 1*192
294 * [0, 0, 0, 0, 0, 2, 2, 3], -> 1*192 + 3*34
426 * [0, 0, 0, 0, 1, 1, 1, 4], -> 4*76 + 1*122
1494 * [0, 0, 0, 0, 1, 1, 2, 3], -> 4*192 + 3*122 + 2*180
496 * [0, 0, 0, 0, 1, 2, 2, 2], -> 4*34 + 2*180
423 * [0, 0, 0, 1, 1, 1, 1, 3], -> 3*122 + 1*57
768 * [0, 0, 0, 1, 1, 1, 2, 2], -> 3*180 + 4*57
120 * [0, 0, 1, 1, 1, 1, 1, 2], -> 2*57 + 6*1
1 * [0, 1, 1, 1, 1, 1, 1, 1], 
 
Level 7:	
1 * [0, 0, 0, 0, 0, 0, 0, 0, 8],
29 * [0, 0, 0, 0, 0, 0, 0, 1, 7], -> 7*1 + 1*22
64 * [0, 0, 0, 0, 0, 0, 0, 2, 6], -> 1*22 + 1*42
98 * [0, 0, 0, 0, 0, 0, 0, 3, 5], -> 1*42 + 1*56
56 * [0, 0, 0, 0, 0, 0, 0, 4, 4], -> 
288 * [0, 0, 0, 0, 0, 0, 1, 1, 6], 
1038 * [0, 0, 0, 0, 0, 0, 1, 2, 5], 
1344 * [0, 0, 0, 0, 0, 0, 1, 3, 4], 
768 * [0, 0, 0, 0, 0, 0, 2, 2, 4], 
855 * [0, 0, 0, 0, 0, 0, 2, 3, 3], 
1206 * [0, 0, 0, 0, 0, 1, 1, 1, 5], 
5142 * [0, 0, 0, 0, 0, 1, 1, 2, 4], 
2829 * [0, 0, 0, 0, 0, 1, 1, 3, 3], 
5946 * [0, 0, 0, 0, 0, 1, 2, 2, 3], 
496 * [0, 0, 0, 0, 0, 2, 2, 2, 2], 
2127 * [0, 0, 0, 0, 1, 1, 1, 1, 4], 
9204 * [0, 0, 0, 0, 1, 1, 1, 2, 3], 
4288 * [0, 0, 0, 0, 1, 1, 2, 2, 2], 
1389 * [0, 0, 0, 1, 1, 1, 1, 1, 3], 
2904 * [0, 0, 0, 1, 1, 1, 1, 2, 2], 
247 * [0, 0, 1, 1, 1, 1, 1, 1, 2], 
1 * [0, 1, 1, 1, 1, 1, 1, 1, 1], 
 
Level 8:	
1 * [0, 0, 0, 0, 0, 0, 0, 0, 0, 9], 
37 * [0, 0, 0, 0, 0, 0, 0, 0, 1, 8], 
93 * [0, 0, 0, 0, 0, 0, 0, 0, 2, 7], 
162 * [0, 0, 0, 0, 0, 0, 0, 0, 3, 6], 
210 * [0, 0, 0, 0, 0, 0, 0, 0, 4, 5], 
491 * [0, 0, 0, 0, 0, 0, 0, 1, 1, 7], 
2062 * [0, 0, 0, 0, 0, 0, 0, 1, 2, 6], 
3068 * [0, 0, 0, 0, 0, 0, 0, 1, 3, 5], 
1736 * [0, 0, 0, 0, 0, 0, 0, 1, 4, 4], 
1806 * [0, 0, 0, 0, 0, 0, 0, 2, 2, 5], 
4590 * [0, 0, 0, 0, 0, 0, 0, 2, 3, 4], 
855 * [0, 0, 0, 0, 0, 0, 0, 3, 3, 3], 
2934 * [0, 0, 0, 0, 0, 0, 1, 1, 1, 6], 
14988 * [0, 0, 0, 0, 0, 0, 1, 1, 2, 5], 
18864 * [0, 0, 0, 0, 0, 0, 1, 1, 3, 4], 
20838 * [0, 0, 0, 0, 0, 0, 1, 2, 2, 4], 
22680 * [0, 0, 0, 0, 0, 0, 1, 2, 3, 3], 
7930 * [0, 0, 0, 0, 0, 0, 2, 2, 2, 3], 
8157 * [0, 0, 0, 0, 0, 1, 1, 1, 1, 5], 
43422 * [0, 0, 0, 0, 0, 1, 1, 1, 2, 4], 
23349 * [0, 0, 0, 0, 0, 1, 1, 1, 3, 3], 
70206 * [0, 0, 0, 0, 0, 1, 1, 2, 2, 3], 
11056 * [0, 0, 0, 0, 0, 1, 2, 2, 2, 2], 
9897 * [0, 0, 0, 0, 1, 1, 1, 1, 1, 4], 
49569 * [0, 0, 0, 0, 1, 1, 1, 1, 2, 3], 
28768 * [0, 0, 0, 0, 1, 1, 1, 2, 2, 2], 
4414 * [0, 0, 0, 1, 1, 1, 1, 1, 1, 3], 
10194 * [0, 0, 0, 1, 1, 1, 1, 1, 2, 2], 
502 * [0, 0, 1, 1, 1, 1, 1, 1, 1, 2], 
1 * [0, 1, 1, 1, 1, 1, 1, 1, 1, 1], 
 
Level 9:	
1 * [0, 0, 0, 0, 0, 0, 0, 0, 0, 0, 10], 
46 * [0, 0, 0, 0, 0, 0, 0, 0, 0, 1, 9], 
130 * [0, 0, 0, 0, 0, 0, 0, 0, 0, 2, 8], 
255 * [0, 0, 0, 0, 0, 0, 0, 0, 0, 3, 7], 
372 * [0, 0, 0, 0, 0, 0, 0, 0, 0, 4, 6], 
210 * [0, 0, 0, 0, 0, 0, 0, 0, 0, 5, 5], 
787 * [0, 0, 0, 0, 0, 0, 0, 0, 1, 1, 8], 
3788 * [0, 0, 0, 0, 0, 0, 0, 0, 1, 2, 7], 
6426 * [0, 0, 0, 0, 0, 0, 0, 0, 1, 3, 6], 
8220 * [0, 0, 0, 0, 0, 0, 0, 0, 1, 4, 5], 
3868 * [0, 0, 0, 0, 0, 0, 0, 0, 2, 2, 6], 
11270 * [0, 0, 0, 0, 0, 0, 0, 0, 2, 3, 5], 
6326 * [0, 0, 0, 0, 0, 0, 0, 0, 2, 4, 4], 
7155 * [0, 0, 0, 0, 0, 0, 0, 0, 3, 3, 4], 
6371 * [0, 0, 0, 0, 0, 0, 0, 1, 1, 1, 7], 
38224 * [0, 0, 0, 0, 0, 0, 0, 1, 1, 2, 6], 
55328 * [0, 0, 0, 0, 0, 0, 0, 1, 1, 3, 5], 
31016 * [0, 0, 0, 0, 0, 0, 0, 1, 1, 4, 4], 
63456 * [0, 0, 0, 0, 0, 0, 0, 1, 2, 2, 5], 
156894 * [0, 0, 0, 0, 0, 0, 0, 1, 2, 3, 4], 
28665 * [0, 0, 0, 0, 0, 0, 0, 1, 3, 3, 3], 
28768 * [0, 0, 0, 0, 0, 0, 0, 2, 2, 2, 4], 
46470 * [0, 0, 0, 0, 0, 0, 0, 2, 2, 3, 3], 
25761 * [0, 0, 0, 0, 0, 0, 1, 1, 1, 1, 6], 
165978 * [0, 0, 0, 0, 0, 0, 1, 1, 1, 2, 5], 
203304 * [0, 0, 0, 0, 0, 0, 1, 1, 1, 3, 4], 
325500 * [0, 0, 0, 0, 0, 0, 1, 1, 2, 2, 4], 
346539 * [0, 0, 0, 0, 0, 0, 1, 1, 2, 3, 3], 
232216 * [0, 0, 0, 0, 0, 0, 1, 2, 2, 2, 3], 
11056 * [0, 0, 0, 0, 0, 0, 2, 2, 2, 2, 2], 
50682 * [0, 0, 0, 0, 0, 1, 1, 1, 1, 1, 5], 
316164 * [0, 0, 0, 0, 0, 1, 1, 1, 1, 2, 4], 
166314 * [0, 0, 0, 0, 0, 1, 1, 1, 1, 3, 3], 
635610 * [0, 0, 0, 0, 0, 1, 1, 1, 2, 2, 3], 
141584 * [0, 0, 0, 0, 0, 1, 1, 2, 2, 2, 2], 
44002 * [0, 0, 0, 0, 1, 1, 1, 1, 1, 1, 4], 
245148 * [0, 0, 0, 0, 1, 1, 1, 1, 1, 2, 3], 
166042 * [0, 0, 0, 0, 1, 1, 1, 1, 2, 2, 2], 
13744 * [0, 0, 0, 1, 1, 1, 1, 1, 1, 1, 3], 
34096 * [0, 0, 0, 1, 1, 1, 1, 1, 1, 2, 2], 
1013 * [0, 0, 1, 1, 1, 1, 1, 1, 1, 1, 2], 
1 * [0, 1, 1, 1, 1, 1, 1, 1, 1, 1, 1], 
 
